-0.131025 0.076868 0.998 255 0 0
-0.119939 0.0764828 0.993 255 0 0
-0.0644447 0.0748951 0.995 255 0 0
-0.0527251 0.0755726 1.004 255 0 0
-0.144546 0.0740356 1.007 255 0 0
-0.107446 0.0727858 0.99 255 0 0
-0.0745188 0.0727858 0.99 255 0 0
-0.0425582 0.0727035 1.013 255 0 0
-0.153403 0.0695666 1.019 255 0 0
-0.153403 0.0677829 1.019 255 0 0
-0.034091 0.0645934 1.025 255 0 0
-0.0912921 0.0516748 0.984 255 0 0
-0.131025 0.050663 0.998 255 0 0
-0.12441 0.0508153 1.001 255 0 0
-0.064639 0.047169 0.998 255 0 0
-0.0546454 0.0475943 1.007 255 0 0
-0.14018 0.0455585 1.001 255 0 0
-0.115302 0.045422 0.998 255 0 0
-0.071627 0.045422 0.998 255 0 0
-0.131419 0.0438063 1.001 255 0 0
-0.124783 0.0439375 1.004 255 0 0
-0.0475943 0.0440688 1.007 255 0 0
-0.16589 0.0428102 1.019 255 0 0
-0.064639 0.041928 0.998 255 0 0
-0.0546454 0.0423061 1.007 255 0 0
-0.016747 0.0446588 1.063 255 0 0
-0.0907354 0.0393757 0.978 255 0 0
-0.0919748 0.0306583 0.973 0 128 0
-0 0 0 0 128 0
-0.0912186 0.0185816 0.965 0 128 0
-0.0201605 0.0201605 1.047 0 128 0
-0 0 0 0 255 0
-0.104732 0.0101354 0.965 0 255 0
-0.104732 0.00844616 0.965 0 255 0
-0.0804635 0.00855995 0.978 0 255 0
-0.0982801 0.00677794 0.968 0 255 0
-0.0915021 0.00677794 0.968 0 0 255
-0.0848993 0.00679194 0.97 0 0 255
-0 -0 0 0 0 255
-0 -0 0 0 0 255
-0 -0 0 0 0 255
-0.107855 -0.00342398 0.978 0 0 255
-0.0924474 -0.00513597 0.978 0 0 255
-0.0812039 -0.00518323 0.987 0 0 255
-0.123664 -0.00870874 0.995 0 0 255
-0.123664 -0.0104505 0.995 0 0 255
-0.111621 -0.0120207 0.981 0 0 255
-0.0922584 -0.0119594 0.976 0 0 255
-0.0679282 -0.0121922 0.995 0 0 128
-0.074293 -0.0138219 0.987 0 0 128
-0.132772 -0.01747 0.998 0 0 128
-0.059398 -0.020964 0.998 0 0 128
-0.164589 -0.0232571 1.022 0 0 128
-0 -0 0 0 0 128
-0.115759 -0.0276439 0.987 0 0 128
-0.113338 -0.0274758 0.981 0 0 128
-0.115759 -0.0293716 0.987 0 0 128
-0.112991 -0.0291038 0.978 0 0 128
-0.125155 -0.0317296 1.007 0 0 128
-0.0757897 -0.0310049 0.984 0 0 128
-0.074293 -0.0310994 0.987 0 0 128
-0.0677916 -0.0330267 0.993 0 0 128
-0.0990083 -0.0353601 1.01 0 0 128
-0.0972403 -0.0353601 1.01 0 0 128
-0.113825 -0.0409057 1.016 0 0 128
-0.0823558 -0.0403018 1.001 0 0 128
-0.165667 -0.045513 1.04 0 0 128
-0.162902 -0.0452504 1.034 0 0 128
-0.0987142 -0.0440688 1.007 0 0 128
-0.0969514 -0.0440688 1.007 0 0 128
-0 -0 0 0 0 128
-0 -0 0 0 0 128
-0.152959 -0.0647825 1.028 0 0 128
-0.0415096 -0.0667763 1.031 0 0 128
-0 -0 0 0 0 128
-0.136945 -0.0800329 1.016 0 0 128
-0.0583442 -0.0813282 1.01 0 0 128
-0.0565762 -0.0813282 1.01 0 0 128
-0.118439 -0.0905709 0.995 0 0 128
-0.077099 -0.091117 1.001 0 0 128
-0.0753468 -0.091117 1.001 0 0 128
-0.09908 -0.0938653 0.993 0 0 128
